@relation Hayes-Roth database
@attribute hobby integer [1, 3]
@attribute age integer [1, 4]
@attribute educationalLevel integer [1, 4]
@attribute maritalStatus integer [1, 4]
@attribute class {1,2,3}
@inputs hobby, age, educationalLevel, maritalStatus
@outputs class
@data
2, 1, 1, 2, 1
2, 1, 3, 2, 2
3, 1, 4, 1, 3
2, 4, 2, 2, 3
1, 1, 3, 4, 3
1, 1, 3, 2, 2
3, 1, 3, 2, 2
3, 4, 2, 4, 3
2, 2, 1, 1, 1
1, 2, 1, 1, 1
2, 2, 3, 4, 3
1, 1, 2, 1, 1
2, 1, 2, 2, 2
2, 4, 1, 4, 3
1, 1, 3, 3, 1
3, 2, 1, 2, 2
1, 2, 1, 1, 1
3, 1, 3, 2, 1
1, 2, 2, 1, 2
3, 2, 1, 3, 1
2, 1, 2, 1, 1
3, 2, 1, 3, 1
2, 3, 2, 1, 1
3, 2, 2, 1, 2
3, 2, 1, 3, 2
2, 1, 2, 2, 2
1, 1, 3, 2, 1
1, 4, 1, 1, 3
2, 2, 1, 3, 1
1, 2, 1, 3, 2
1, 1, 1, 2, 1
2, 4, 3, 1, 3
3, 1, 2, 2, 2
3, 2, 2, 1, 2
1, 2, 1, 2, 2
2, 2, 2, 1, 2
2, 2, 1, 2, 2
3, 2, 1, 3, 2
3, 2, 1, 1, 1
3, 1, 2, 1, 1
1, 2, 1, 3, 2
2, 1, 1, 2, 1
1, 1, 1, 2, 1
1, 2, 2, 3, 2
3, 3, 3, 1, 1
3, 2, 1, 2, 2
3, 2, 1, 2, 2
3, 1, 2, 1, 1
1, 1, 1, 2, 1
2, 1, 3, 2, 1
2, 2, 2, 1, 2
2, 1, 2, 1, 1
2, 2, 1, 3, 1
2, 1, 2, 2, 2
1, 2, 4, 2, 3
2, 2, 1, 2, 2
1, 1, 2, 4, 3
1, 3, 2, 1, 1
2, 4, 4, 2, 3
2, 3, 2, 1, 1
3, 1, 2, 2, 2
1, 1, 2, 2, 2
1, 3, 2, 4, 3
1, 1, 2, 2, 2
3, 1, 4, 2, 3
2, 1, 3, 2, 2
1, 1, 3, 2, 2
3, 1, 3, 2, 1
1, 2, 4, 4, 3
1, 4, 2, 1, 3
2, 1, 2, 1, 1
3, 4, 1, 2, 3
2, 2, 4, 3, 3
3, 1, 2, 2, 2
1, 1, 3, 2, 1
1, 2, 1, 3, 1
3, 3, 3, 2, 2
2, 2, 1, 3, 2
3, 3, 2, 1, 2
1, 1, 1, 3, 1
2, 2, 2, 1, 2
2, 3, 2, 3, 2
1, 3, 2, 1, 2
2, 2, 1, 2, 2
1, 1, 1, 2, 1
3, 2, 2, 1, 2
3, 2, 1, 1, 1
1, 1, 2, 1, 1
3, 1, 4, 4, 3
3, 3, 2, 1, 2
2, 3, 2, 1, 2
2, 1, 3, 1, 1
1, 2, 1, 2, 2
3, 1, 1, 2, 1
1, 2, 2, 1, 2
2, 3, 2, 1, 2
2, 2, 1, 4, 3
1, 4, 2, 3, 3
2, 2, 1, 1, 1
1, 2, 1, 1, 1
2, 2, 3, 2, 2
1, 3, 2, 1, 1
3, 1, 2, 1, 1
3, 1, 1, 2, 1
3, 3, 1, 4, 3
2, 3, 4, 1, 3
1, 2, 3, 3, 2
3, 3, 4, 2, 3
1, 2, 2, 1, 2
3, 1, 2, 2, 2
3, 2, 2, 4, 3
2, 3, 1, 3, 1
2, 1, 1, 2, 1
3, 4, 1, 3, 3
1, 1, 4, 3, 3
2, 1, 2, 1, 1
1, 2, 1, 2, 2
1, 2, 2, 1, 2
3, 1, 1, 2, 1
3, 2, 1, 1, 1
3, 3, 2, 1, 1
3, 2, 1, 1, 1
1, 1, 2, 2, 2
3, 4, 3, 2, 3
3, 3, 1, 1, 1
2, 2, 1, 1, 1
1, 1, 2, 1, 1
1, 4, 4, 1, 3
2, 2, 1, 2, 2
2, 2, 4, 1, 3
3, 3, 2, 2, 2
2, 1, 1, 4, 3